Frequency
5
2
3
1
4
1
1
2
9
2
20
1
1
13
7
3
6
2
1
10
1
5
2
10
28
12
11
3
34
2
9
2
2
2
3
5
8
1
1
2
3
1
2
2
1
7
3
8
4
4
4
2
4
11
8
7
12
1
8
1
1
4
1
3
3
1
1
5
1
4
2
12
1
3
4
1
9
1
2
83
12
5
1
8
1
3
3
9
10
1
3
4
3
2
5
1
1
3
1
4
5
45
1
9
4
1
1
2
2
3
1
1
59
4
5
5
4
15
17
3
5
9
10
1
2
30
1
8
2
1
1
1
8
4
5
1
13
1
1
9
2
3
2
2
1
2
16
1
30
11
1
1
1
35
12
3
8
4
2
1
2
7
1
4
1
3
1
4
10
1
2
5
11
4
1
7
2
14
4
3
16
1
1
5
6
8
1
15
7
2
1
5
6
1
2
19
3
2
1
27
5
7
1
4
6
1
2
3
54
5
4
7
2
1
1
1
2
1
12
4
4
14
5
1
3
9
1
3
4
3
4
1
1
14
3
5
3
1
7
2
2
1
5
9
1
5
1
1
25
3
18
13
2
1
5
3
12
3
1
1
7
3
6
1
1
13
10
1
7
2
21
9
1
7
11
33
12
7
1
1
1
1
2
4
1
5
4
9
1
50
8
15
149
2
1
8
1
2
6
2
5
9
2
11
1
2
1
24
7
12
2
1
4
1
1
6
10
12
10
1
3
4
3
11
3
2
2
5
14
12
1
2
1
1
1
1
4
6
4
8
10
2
10
3
1
3
5
2
3
4
4
10
3
2
3
7
21
2
3
1
9
4
10
2
1
1
6
1
7
1
5
7
1
1
13
10
8
2
8
4
8
1
1
6
18
15
2
3
2
9
13
1
10
5
6
2
4
8
1
2
13
1
7
5
6
5
2
12
21
6
4
9
4
6
15
2
9
4
1
1
5
1
2
5
4
7
9
10
10
1
7
1
7
11
6
8
5
2
3
2
3
6
2
4
2
1
4
4
7
10
47
1
2
1
1
2
1
3
5
1
1
1
2
1
1
6
1
1
8
1
19
4
1
5
2
7
3
16
1
1
1
1
6
4
4
4
1
24
98
2
13
9
3
2
15
9
24
9
8
1
5
5
5
6
13
2
21
2
1
2
3
10
1
3
1
7
2
2
6
9
2
13
1
3
1
14
2
4
3
28
7
1
3
7
2
10
2
1
11
7
7
2
19
1
1
7
1
7
2
8
10
8
4
1
13
12
11
4
5
1
5
4
1
6
2
8
1
2
1
7
1
2
3
7
8
1
15
10
11
6
6
13
6
17
1
8
24
3
1
1
2
2
13
4
8
1
3
5
61
9
1
1
3
1
3
8
1
2
14
4
1
18
1
2
8
2
5
4
1
8
5
1
1
1
6
3
10
4
1
2
24
6
1
1
24
6
21
7
6
3
10
1
2
5
1
6
3
9
4
84
2
2
1
8
1
2
1
7
8
1
2
9
1
1
14
3
24
2
3
2
2
1
9
4
1
2
1
4
1
15
7
2
5
1
30
8
6
1
11
6
16
1
2
9
7
15
1
1
1
1
1
4
7
3
4
5
1
1
9
5
5
2
5
3
12
4
4
3
2
4
8
128
10
3
29
7
1
1
6
1
2
5
1
1
1
2
5
1
1
1
1
2
5
5
1
2
1
4
2
8
5
3
13
3
3
1
1
9
17
8
6
7
2
16
11
2
2
1
2
13
9
22
11
7
13
3
22
2
2
9
8
4
4
1
1
11
1
1
2
5
3
2
4
2
18
16
5
1
2
4
3
10
1
4
1
1
3
4
7
3
1
38
1
2
4
5
14
2
4
2
2
1
4
2
2
5
4
1
5
1
1
3
1
8
9
9
5
8
7
2
1
2
18
1
2
3
4
4
1
12
12
1
1
6
2
12
7
6
1
2
1
2
10
1
2
6
1
3
1
1
2
1
9
5
5
10
6
9
1
7
1
6
78
2
1
2
1
9
13
10
7
8
2
16
2
1
1
1
1
27
7
2
5
5
2
1
3
11
2
14
5
1
1
1
1
2
7
4
8
6
4
11
2
16
4
3
1
13
2
3
12
1
2
1
1
1
2
2
1
8
2
3
38
2
1
5
1
3
4
1
2
1
9
1
1
13
5
6
3
2
6
9
2
2
3
1
1
21
7
2
4
4
1
11
2
2
1
2
8
1
8
11
3
59
6
5
6
5
8
1
4
6
1
7
3
6
6
3
4
6
6
1
10
2
1
1
3
6
9
2
8
3
9
6
1
9
9
1
6
4
4
60
2
4
1
3
1
6
8
7
5
4
3
1
3
14
7
2
2
8
1
7
1
12
2
2
1
2
12
2
7
15
2
4
3
15
4
3
3
3
14
3
7
1
6
10
16
4
2
1
1
2
6
3
1
3
3
1
10
3
6
4
4
1
1
1
1
1
3
13
3
8
19
18
2
1
13
12
25
4
62
12
8
1
15
3
3
5
5
2
8
3
4
8
7
2
1
5
5
5
4
5
8
1
7
4
15
8
8
2
1
6
8
5
4
5
1
3
6
14
13
4
19
3
8
2
4
13
2
7
7
1
2
1
4
8
8
1
5
2
2
2
1
8
5
5
1
2
1
9
9
1
4
3
8
8
1
1
1
2
25
10
1
2
2
8
8
5
11
2
1
2
2
1
2
1
9
10
7
1
1
2
2
6
7
2
7
10
15
3
2
1
2
4
6
1
25
12
4
14
11
2
3
2
1
15
10
13
3
10
7
4
2
7
8
2
3
15
5
2
5
4
4
8
2
5
1
6
23
18
1
8
4
3
5
10
3
6
6
5
1
6
1
16
1
9
9
10
4
2
10
8
16
27
2
13
1
3
1
3
5
3
6
13
7
1
19
6
19
21
1
5
3
1
1
1
3
4
1
8
6
2
2
3
2
4
4
7
2
8
1
3
1
1
2
2
1
1
1
7
1
12
7
8
31
2
1
4
1
18
3
8
7
2
9
1
1
3
8
6
11
4
5
5
7
8
6
6
4
1
1
9
4
1
2
2
6
3
25
3
2
1
6
16
14
208
7
12
1
4
5
14
6
19
1
2
7
1
1
1
5
1
1
1
1
1
6
2
5
10
1
2
8
2
4
8
9
1
9
1
6
9
3
11
4
10
1
1
8
2
1
1
2
1
2
3
1
22
9
16
10
1
11
12
2
25
31
2
11
1
13
9
3
16
1
2
4
8
2
6
2
1
1
4
1
10
1
2
5
4
2
4
4
5
31
10
1
4
3
13
16
12
1
3
3
8
5
1
4
1
3
5
7
6
2
1
1
1
6
7
9
1
8
1
7
4
9
1
1
4
1
12
2
2
2
12
1
139
8
1
2
4
1
6
1
2
5
1
2
3
1
8
1
9
1
3
11
1
6
2
1
1
2
14
2
1
1
33
1
21
3
3
123
13
2
1
9
1
3
7
8
24
5
2
1
4
2
4
5
1
8
6
4
9
1
1
74
6
4
1
10
34
2
2
4
1
3
3
3
3
1
7
7
10
5
5
2
4
1
26
1
5
1
7
2
9
1
4
10
5
11
3
1
3
5
3
4
6
2
7
1
1
1
2
1
9
4
1
5
1
1
3
1
10
5
8
1
3
17
2
8
2
1
2
2
1
5
1
12
7
2
6
2
3
6
1
2
1
1
14
2
8
2
5
1
2
1
1
1
2
4
1
9
6
1
1
6
2
10
6
2
3
5
2
4
1
11
1
1
14
7
4
1
1
8
6
8
14
5
2
1
3
2
2
16
6
2
5
1
1
8
13
11
6
5
74
13
2
2
6
4
1
10
2
3
3
7
3
2
2
1
1
1
9
6
8
8
14
2
6
2
3
2
1
16
1
2
1
3
15
14
1
4
4
2
9
10
3
4
2
10
1
4
1
3
2
1
1
3
1
9
9
3
329
5
12
1
14
23
5
6
1
23
29
1
6
11
2
1
2
9
9
1
12
1
2
1
1
6
1
2
10
2
8
3
2
1
1
3
1
5
9
8
9
1
61
3
9
2
7
3
1
4
4
1
2
3
10
1
6
1
4
2
2
4
2
5
2
8
53
4
10
8
4
5
2
3
1
2
14
5
1
1
32
2
1
1
7
1
10
8
2
4
10
5
11
1
3
3
2
6
1
258
8
1
1
16
12
1
1
7
3
3
1
5
1
4
1
12
1
2
5
47
6
11
9
2
1
1
53
2
1
10
9
1
4
2
2
4
2
2
7
1
22
1
2
2
4
3
5
1
2
12
34
1
10
3
9
2
3
1
1
8
3
2
13
10
9
13
2
10
4
6
5
3
5
2
7
3
14
5
1
6
1
2
5
2
19
2
2
9
2
4
4
9
1
5
8
2
52
2
1
4
8
9
10
11
9
9
1
1
8
4
2
3
6
1
4
4
5
7
1
4
1
6
7
1
1
1
1
6
8
3
3
8
15
2
1
29
9
3
1
1
1
3
16
3
2
4
4
9
20
5
19
7
5
5
6
1
5
1
12
8
3
5
1
3
5
1
22
7
2
6
8
18
16
2
1
2
6
3
1
4
6
1
3
6
9
3
1
4
1
4
26
1
1
8
1
2
9
4
6
4
2
3
2
48
8
1
2
6
3
5
2
3
6
7
2
3
1
8
6
1
2
2
2
2
5
8
10
2
22
5
1
1
1
10
14
7
6
16
9
1
2
2
3
12
1
4
3
6
1
3
7
13
3
5
6
3
13
2
1
2
2
2
8
1
1
5
5
14
1
2
5
6
1
9
2
8
2
3
3
7
1
1
2
3
2
4
5
9
7
5
1
3
4
2
6
3
3
5
7
9
5
1
1
11
14
34
2
5
8
13
8
4
3
1
3
8
2
175
7
19
1
5
5
9
8
1
2
6
1
4
2
2
4
1
4
5
2
8
7
8
3
1
6
2
13
9
5
1
6
4
5
1
3
3
8
1
1
6
115
3
8
1
1
7
6
12
4
4
6
5
17
1
8
7
5
2
9
10
1
2
13
4
1
11
3
2
2
9
1
1
2
2
2
2
3
3
5
2
3
8
6
1
8
5
3
5
3
13
6
2
6
2
4
12
56
1
1
1
4
1
33
6
8
11
1
1
9
1
19
1
3
1
2
1
4
1
1
3
2
1
4
1
1
3
1
9
1
20
3
5
1
1
4
10
1
3
2
9
2
1
1
4
1
3
2
3
3
7
6
1
10
3
1
5
1
4
3
1
1
4
4
10
14
2
4
28
7
14
1
10
2
18
3
2
3
13
1
3
4
2
1
2
3
5
3
1
9
1
2
4
26
4
24
3
191
6
1
8
5
6
4
3
14
3
6
1
3
2
1
4
2
4
1
9
7
2
4
2
3
5
1
4
3
2
5
2
3
6
1
74
2
28
2
1
2
2
4
8
